A;B;C;D;E;F;G
0;8;15;186;0;18;0
8;0;0;0;0;0;0
15;0;0;111;15;15;15
186;0;111;0;186;138;186
0;0;15;186;0;18;0
18;0;15;138;18;0;180
0;0;15;186;0;180;0